1 0 0 0 0 1 0 0 0 0 1 0
0.999842 0.00361308 0.017385 4.15448 -0.00398702 0.99976 0.0215231 -0.0665288 -0.0173031 -0.0215891 0.999617 0.000389663
0.99985 -0.00294298 0.0170619 8.3126 0.0026448 0.999844 0.0174724 -0.178942 -0.0171106 -0.0174246 0.999702 -0.0132907
0.999248 -0.035294 -0.0160383 12.6007 0.0356362 0.999132 0.0215739 -0.186437 0.0152629 -0.0221292 0.999639 -0.0906934
0.998568 -0.0533075 0.00445202 16.7872 0.0532793 0.99856 0.00624044 -0.106557 -0.00477827 -0.00599431 0.999971 -0.0660991
0.998801 -0.0486916 0.0049973 20.9349 0.0485878 0.998636 0.0191348 0.0292122 -0.00592218 -0.0188691 0.999804 -0.0921164
0.999013 -0.0389492 0.021375 25.4522 0.0387037 0.999181 0.0117826 0.117642 -0.0218164 -0.0109437 0.999702 -0.141176
0.998805 -0.0376157 0.0312164 29.5253 0.0371248 0.99918 0.0161584 0.160768 -0.0317986 -0.0149802 0.999382 -0.219993
0.996073 -0.0839351 0.0281809 34.0052 0.0836151 0.996422 0.0123489 0.285303 -0.0291166 -0.00994407 0.999527 -0.33139
0.966443 -0.254098 0.0377071 38.2915 0.254352 0.96711 -0.00201155 0.819902 -0.0359558 0.0115349 0.999287 -0.435743
0.861868 -0.506227 0.0303019 42.177 0.506506 0.862235 -0.00181848 2.33427 -0.0252068 0.0169154 0.999539 -0.5831
0.688034 -0.724639 0.0388291 45.6312 0.725242 0.688491 -0.00215997 4.91826 -0.0251683 0.0296466 0.999244 -0.671492
0.487205 -0.872338 0.0407255 48.1117 0.872938 0.487799 0.00554942 8.17442 -0.0247068 0.0328471 0.999155 -0.726485
0.381905 -0.923623 0.0326901 50.0083 0.923952 0.382385 0.00973722 12.0577 -0.0214937 0.0264853 0.999418 -0.794347
0.334468 -0.942151 0.0219689 51.527 0.942202 0.334791 0.0130685 15.8014 -0.0196675 0.0163281 0.999673 -0.858977
0.0957989 -0.995294 0.0145465 52.7561 0.995027 0.0961529 0.0259795 19.6481 -0.0272559 0.0119854 0.999557 -0.919864
-0.383459 -0.92317 0.0267879 52.281 0.922979 -0.384084 -0.0242908 23.9525 0.0327133 0.0154101 0.999346 -0.945778
-0.675646 -0.736503 0.0326553 50.2003 0.736879 -0.676025 -0.00077164 27.379 0.0226441 0.0235416 0.999466 -0.84087
-0.821119 -0.569435 0.0388173 47.0964 0.570472 -0.820958 0.0242796 30.234 0.0180418 0.0420806 0.998951 -0.765678
-0.863183 -0.502952 0.0442022 43.4684 0.50434 -0.86302 0.0289473 32.6199 0.0235882 0.0472797 0.998603 -0.691264
-0.877355 -0.478399 0.0371798 39.8167 0.479551 -0.876883 0.0332692 34.8072 0.0166864 0.0470185 0.998755 -0.611358
-0.88706 -0.458824 0.0510493 35.7791 0.460618 -0.887046 0.0313002 37.0613 0.0309218 0.0512794 0.998206 -0.542706
-0.894814 -0.444949 0.0364429 32.2066 0.446082 -0.89438 0.0330926 38.9672 0.0178693 0.0458683 0.998788 -0.431932
-0.907106 -0.419629 0.0327072 28.4004 0.420519 -0.906854 0.0279128 40.8807 0.0179476 0.0390738 0.999075 -0.353774
-0.923523 -0.382397 0.0296333 24.2326 0.383246 -0.923092 0.032001 42.8345 0.0151172 0.0409105 0.999048 -0.280308
-0.935655 -0.351385 0.0328274 20.1482 0.352526 -0.934938 0.0401933 44.5792 0.0165682 0.0491796 0.998653 -0.214419
-0.94564 -0.323821 0.0300974 15.716 0.324863 -0.944871 0.0410164 46.289 0.0151562 0.0485643 0.998705 -0.144976
-0.955434 -0.294206 0.0242431 11.1354 0.295002 -0.954591 0.0415884 47.9082 0.0109067 0.0468867 0.998841 -0.0932116
-0.964027 -0.264813 0.0229381 7.22698 0.265576 -0.963183 0.0418001 49.1517 0.0110244 0.0463882 0.998863 -0.0568467
-0.973766 -0.227155 0.0134213 2.3965 0.227507 -0.973047 0.037683 50.4787 0.00449964 0.0397479 0.9992 0.00409989
-0.981062 -0.193393 0.0107978 -2.4122 0.19367 -0.980285 0.0391441 51.6267 0.00301477 0.040494 0.999175 0.0334505
-0.985536 -0.169431 0.00341612 -7.05438 0.169436 -0.98479 0.0384745 52.5857 -0.00315463 0.0384968 0.999254 0.0717079
-0.988905 -0.148547 0.00102279 -11.8674 0.148484 -0.988236 0.0366235 53.4689 -0.00442955 0.0363691 0.999329 0.080193
-0.993036 -0.117676 -0.00556231 -16.5009 0.117359 -0.992268 0.0403944 54.2069 -0.0102728 0.0394603 0.999168 0.0753047
-0.995959 -0.0891035 -0.0112666 -21.0297 0.0886203 -0.995346 0.0378645 54.7867 -0.014588 0.0367131 0.999219 0.0479712
-0.997903 -0.0622206 -0.0178346 -25.5143 0.061405 -0.997181 0.0431173 55.2445 -0.0204671 0.0419318 0.998911 0.0101945
-0.999351 -0.0320831 -0.0164068 -29.7935 0.0312025 -0.998192 0.0513744 55.5565 -0.0180254 0.0508291 0.998545 -0.0558497
-0.999586 0.00266098 -0.0286346 -34.0379 -0.00404199 -0.998826 0.0482791 55.7216 -0.0284725 0.0483749 0.998423 -0.0952062
-0.998571 0.0445648 -0.0294887 -38.7506 -0.04591 -0.997857 0.0466316 55.7081 -0.0273474 0.0479188 0.998477 -0.201119
-0.996059 0.083462 -0.0300199 -42.9868 -0.0845614 -0.995715 0.0374362 55.532 -0.0267668 0.0398272 0.998848 -0.285145
-0.990957 0.125703 -0.0469369 -47.4346 -0.128088 -0.990407 0.0518379 55.1912 -0.0399705 0.0573812 0.997552 -0.332267
-0.989166 0.141489 -0.0391255 -51.5535 -0.142945 -0.989028 0.0372931 54.6843 -0.0334196 0.0424819 0.998538 -0.44868
-0.994954 0.095012 -0.0322305 -55.6332 -0.0963309 -0.994455 0.0421845 54.2065 -0.0280438 0.0450764 0.99859 -0.541031
-0.972959 -0.227806 -0.0381456 -59.7632 0.226216 -0.973178 0.041854 54.4471 -0.0466571 0.0320931 0.998395 -0.679041
-0.713498 -0.70064 0.00484602 -63.3415 0.700319 -0.713352 -0.0261054 56.2335 0.0217474 -0.0152324 0.999647 -0.885941
-0.485665 -0.871833 -0.0635311 -65.7846 0.871762 -0.488423 0.0383961 59.7108 -0.0645051 -0.0367363 0.997241 -0.895502
-0.400207 -0.914285 -0.0625898 -67.6016 0.914715 -0.402697 0.0336292 63.5448 -0.0559514 -0.0437932 0.997473 -1.15685
-0.31098 -0.947077 -0.0796033 -69.1397 0.947337 -0.31562 0.0541979 67.6818 -0.076454 -0.0585566 0.995352 -1.38958
-0.208766 -0.977098 -0.0411737 -70.0955 0.977637 -0.209602 0.0170989 71.6275 -0.0253374 -0.0366833 0.999006 -1.67841
-0.0864454 -0.9958 -0.0301652 -70.6936 0.995727 -0.0853727 -0.0352009 75.8122 0.0324778 -0.0330792 0.998925 -1.73505
0.0691741 -0.996986 -0.0351374 -70.6592 0.997573 0.0688486 0.0103931 79.904 -0.00794262 -0.035771 0.999328 -1.58982
0.221069 -0.974993 -0.0227273 -69.9901 0.97347 0.219192 0.0656633 84.1318 -0.0590396 -0.0366404 0.997583 -1.65347
0.472198 -0.881195 -0.0229206 -68.402 0.879626 0.469347 0.0772689 88.2384 -0.0573312 -0.0566478 0.996747 -1.89225
0.636912 -0.770743 -0.0172578 -65.9875 0.769845 0.634661 0.0674098 91.5051 -0.0410028 -0.05622 0.997576 -2.08711
0.657454 -0.753326 -0.015943 -63.1149 0.752525 0.655387 0.0646112 94.6652 -0.0382245 -0.0544764 0.997783 -2.24908
0.635204 -0.772247 -0.0122811 -60.1903 0.771051 0.633141 0.067923 97.9818 -0.0446776 -0.0526143 0.997615 -2.4148
0.61191 -0.790881 -0.0085513 -57.3877 0.78892 0.609552 0.0777876 101.376 -0.0563082 -0.0543453 0.996933 -2.60313
0.600763 -0.799239 -0.0173171 -54.527 0.798042 0.598307 0.071814 104.951 -0.0470356 -0.056963 0.997268 -2.8377
0.589848 -0.807371 -0.0152039 -51.664 0.805932 0.58741 0.0736489 108.619 -0.0505311 -0.055695 0.997168 -3.04146
0.580782 -0.813975 -0.0116992 -48.808 0.811799 0.57804 0.0827799 112.431 -0.0606181 -0.0575745 0.996499 -3.2636
0.566963 -0.823598 -0.0154941 -46.4535 0.821525 0.563956 0.0839615 115.64 -0.0604125 -0.0603319 0.996349 -3.47615
0.552163 -0.833603 -0.0148947 -43.787 0.831366 0.549159 0.0851792 119.418 -0.0628261 -0.0594157 0.996254 -3.74936
0.544422 -0.838409 -0.0259712 -41.2093 0.837078 0.541047 0.0810473 123.219 -0.0538992 -0.0658639 0.996372 -3.99799
0.54855 -0.835058 -0.0420768 -38.7052 0.834955 0.544441 0.080205 126.915 -0.0440675 -0.0791288 0.99589 -4.19745
0.550625 -0.83376 -0.040695 -36.2544 0.833578 0.546611 0.0797754 130.489 -0.0442693 -0.0778488 0.995982 -4.36827
0.541152 -0.839854 -0.0424122 -33.6868 0.84 0.537505 0.0740859 134.232 -0.0394246 -0.075718 0.99635 -4.53745
0.526822 -0.848941 -0.0419152 -31.0735 0.849131 0.523461 0.0704669 138.168 -0.0378813 -0.072715 0.996633 -4.70215
0.511393 -0.858493 -0.038299 -28.5861 0.85842 0.508263 0.0691636 142.05 -0.0399105 -0.0682463 0.99687 -4.8639
0.502443 -0.863918 -0.0346083 -26.1898 0.863325 0.499111 0.0745568 145.961 -0.0471376 -0.0673387 0.996616 -5.01478
0.518893 -0.854174 -0.0337168 -24.0227 0.853739 0.515821 0.071118 149.409 -0.0433554 -0.0656879 0.996898 -5.16262
0.490493 -0.870778 -0.034096 -21.7669 0.870498 0.487761 0.0657409 153.045 -0.040615 -0.061926 0.997254 -5.30145
0.398825 -0.916306 -0.0363691 -19.6801 0.915616 0.395699 0.0712017 156.947 -0.0508513 -0.0616972 0.996799 -5.45075
0.144205 -0.988902 -0.0357538 -18.2717 0.987597 0.141559 0.067921 161.079 -0.0621059 -0.0451049 0.99705 -5.66211
-0.262 -0.964263 -0.0394182 -18.3484 0.962685 -0.264003 0.0594906 165.17 -0.0677711 -0.0223608 0.99745 -5.92066
-0.621189 -0.783659 -0.00179389 -20.1756 0.783037 -0.620785 0.0384644 169.053 -0.0312566 0.022489 0.999258 -6.22675
-0.8273 -0.561688 0.00902841 -23.2174 0.561738 -0.827013 0.0223609 172.025 -0.00509326 0.0235708 0.999709 -6.29566
-0.854341 -0.517994 -0.0422383 -26.6887 0.515655 -0.855002 0.0554139 174.125 -0.0648179 0.0255619 0.99757 -6.35047
-0.578069 -0.815591 -0.02544 -29.8752 0.814957 -0.578625 0.0322322 176.742 -0.0410085 -0.00210002 0.999157 -6.58835
0.0544633 -0.998303 -0.0206076 -31.0986 0.998005 0.053764 0.0330918 180.845 -0.0319277 -0.0223688 0.99924 -6.756
0.489702 -0.871845 -0.00886048 -29.7221 0.87116 0.48885 0.0458993 184.818 -0.0356856 -0.0301958 0.998907 -6.87962
0.561932 -0.827182 -0.00160052 -27.3761 0.825814 0.560889 0.0586015 188.298 -0.0475764 -0.0342518 0.99828 -7.03391
0.558209 -0.829697 -0.00218884 -25.0595 0.828384 0.557173 0.0577707 191.552 -0.0467126 -0.0340613 0.998327 -7.22347
0.544338 -0.838865 -0.00106976 -22.6811 0.837296 0.543241 0.0618486 194.975 -0.0513015 -0.0345622 0.998085 -7.40806
0.518623 -0.854989 -0.00491008 -20.3617 0.853383 0.517278 0.0645107 198.479 -0.0526161 -0.0376469 0.997905 -7.60708
0.437304 -0.899291 -0.00639807 -18.2295 0.898227 0.436414 0.0522608 201.989 -0.0442054 -0.0286007 0.998613 -7.79082
0.109067 -0.994032 -0.00201149 -16.811 0.99303 0.108866 0.0451716 206.089 -0.0446831 -0.00692422 0.998977 -7.98249
-0.330262 -0.943877 0.00489301 -17.0957 0.943156 -0.329797 0.0411113 210.23 -0.0371903 0.0181924 0.999143 -8.15589
-0.704882 -0.709168 0.0149397 -19.2517 0.70907 -0.703907 0.0416504 213.883 -0.0190209 0.0399519 0.999021 -8.30102
-0.86357 -0.503954 -0.0166457 -22.5481 0.502647 -0.863005 0.0506744 216.417 -0.0399029 0.035394 0.998576 -8.34337
-0.878508 -0.476811 -0.0295593 -26.0241 0.475295 -0.878597 0.0464869 218.396 -0.0481362 0.0267897 0.998481 -8.508
-0.847793 -0.530134 -0.0143061 -29.6806 0.529509 -0.847676 0.0326481 220.605 -0.0294348 0.0201037 0.999365 -8.69467
-0.820369 -0.571502 -0.0194842 -33.3054 0.570789 -0.820453 0.0325139 223.123 -0.0345676 0.0155521 0.999281 -8.84012
-0.818111 -0.574933 -0.0121338 -36.5376 0.574291 -0.817925 0.0344671 225.521 -0.0297408 0.0212295 0.999332 -8.97479
-0.824987 -0.565095 -0.00800126 -39.9081 0.564221 -0.824358 0.0457074 227.996 -0.0324249 0.0331935 0.998923 -9.09383
-0.835936 -0.548827 -0.000337878 -43.3509 0.548201 -0.83501 0.0472565 230.429 -0.0262178 0.0393181 0.998883 -9.21515
-0.848291 -0.528724 -0.0292197 -47.0029 0.526483 -0.848035 0.0604373 232.867 -0.056734 0.0358848 0.997744 -9.3403
-0.854425 -0.51892 -0.0260667 -50.7352 0.517366 -0.854342 0.0493133 235.243 -0.0478596 0.0286485 0.998443 -9.57969
-0.856497 -0.515511 -0.0256994 -54.4549 0.514322 -0.856592 0.0415133 237.584 -0.0434144 0.0223382 0.998807 -9.7742
-0.856498 -0.515483 -0.0262461 -58.0528 0.513989 -0.856456 0.047933 239.843 -0.0471873 0.0275643 0.998506 -9.9503
-0.858095 -0.512512 -0.0316997 -61.696 0.510875 -0.858318 0.0479263 242.119 -0.0517712 0.0249307 0.998348 -10.1461
-0.858772 -0.511638 -0.027156 -65.4492 0.509948 -0.858665 0.0514555 244.466 -0.0496445 0.0303404 0.998306 -10.3482
-0.872093 -0.48926 -0.00886811 -68.8533 0.488156 -0.871099 0.0537664 246.572 -0.0340308 0.0425603 0.998514 -10.5329
-0.913449 -0.406727 -0.0135541 -72.5952 0.404911 -0.911694 0.0697172 248.652 -0.0407131 0.0581949 0.997475 -10.6715
-0.984686 -0.170683 -0.0355008 -76.7219 0.167599 -0.982862 0.0767582 250.093 -0.0479938 0.0696329 0.996418 -10.8573
-0.989972 0.137767 -0.0312417 -80.8744 -0.13991 -0.986754 0.082106 250.296 -0.0195164 0.0856536 0.996134 -11.0147
-0.882982 0.468056 -0.0355847 -84.9114 -0.469402 -0.880096 0.0713699 249.149 0.00208714 0.0797219 0.996815 -11.0362
-0.657684 0.752954 -0.022643 -88.2122 -0.752585 -0.655465 0.0630991 246.746 0.032669 0.0585401 0.99775 -10.9392
-0.242188 0.970182 -0.00959155 -90.4121 -0.967662 -0.240817 0.0750807 243.223 0.0705321 0.027465 0.997131 -10.7474
0.292866 0.95581 -0.0256157 -90.4906 -0.952524 0.293982 0.0791975 239.03 0.0832283 0.00120533 0.99653 -10.4572
0.677811 0.734864 -0.0233982 -88.5161 -0.731957 0.677449 0.0728197 235.432 0.0693636 -0.0322315 0.997071 -10.1385
0.817655 0.575635 -0.00918786 -85.3231 -0.573929 0.816278 0.0655409 232.621 0.0452275 -0.0483166 0.997808 -9.862
0.858412 0.512959 0.00127565 -81.7253 -0.512151 0.856915 0.0582896 230.212 0.028807 -0.0506898 0.998299 -9.68293
0.867596 0.497259 0.00328624 -78.0494 -0.496229 0.865335 0.0703685 227.987 0.0321477 -0.0626822 0.997516 -9.54379
0.866966 0.498367 0.000248174 -74.0887 -0.497105 0.864735 0.0715597 225.626 0.0354484 -0.0621632 0.997436 -9.37925
0.868196 0.496206 0.00389558 -70.6172 -0.495005 0.865492 0.076771 223.536 0.0347226 -0.0685806 0.997041 -9.22306
0.869129 0.494582 0.0017182 -67.0844 -0.4933 0.866616 0.0750508 221.422 0.0356298 -0.0660764 0.997178 -9.05914
0.866487 0.498999 -0.0141535 -63.4344 -0.496907 0.864874 0.0712491 219.208 0.0477942 -0.0547034 0.997358 -8.88745
0.864174 0.50289 -0.0174768 -59.9337 -0.500698 0.862823 0.0695545 217.091 0.0500577 -0.0513565 0.997425 -8.68582
0.859212 0.511486 0.0116999 -56.3434 -0.51128 0.857583 0.0560698 214.895 0.0186453 -0.0541578 0.998358 -8.45187
0.854519 0.519342 0.00905077 -52.9634 -0.519028 0.853065 0.0537661 212.732 0.0202021 -0.0506417 0.998513 -8.34593
0.849904 0.526849 0.00966353 -49.137 -0.526449 0.848182 0.05864 210.279 0.022698 -0.0549257 0.998232 -8.22923
0.85468 0.519008 0.0123453 -45.4211 -0.518691 0.852669 0.0625747 207.889 0.0219503 -0.0598848 0.997964 -8.09516
0.859835 0.510404 0.0131094 -41.7142 -0.510073 0.857575 0.0662566 205.573 0.0225753 -0.0636565 0.997716 -7.95207
0.856367 0.516286 -0.00917557 -38.3197 -0.514759 0.854966 0.0636855 203.431 0.0407247 -0.0498149 0.997928 -7.811
0.844242 0.535884 0.00914815 -34.6761 -0.535482 0.84264 0.0567128 201.132 0.0226829 -0.052778 0.998349 -7.5916
0.755345 0.654951 0.0221977 -31.3332 -0.655261 0.754353 0.0398123 198.715 0.00933017 -0.0446173 0.998961 -7.49968
0.444293 0.895551 0.024326 -28.7429 -0.895 0.442489 0.0563712 195.553 0.0397193 -0.0468171 0.998113 -7.39959
-0.0959757 0.995243 0.0167409 -28.0126 -0.993984 -0.0967188 0.0513911 191.506 0.0527658 -0.0117079 0.998538 -7.19257
-0.468171 0.883634 0.00282379 -29.3153 -0.883029 -0.467964 0.0356168 187.749 0.0327936 0.0141812 0.999362 -6.98918
-0.551664 0.834063 -0.00229241 -31.461 -0.833728 -0.55136 0.0299855 184.429 0.0237459 0.0184532 0.999548 -6.8754
-0.535197 0.844727 -0.00120833 -33.8889 -0.844415 -0.534959 0.0279558 180.855 0.0229686 0.0159822 0.999608 -6.77706
-0.510636 0.859793 -0.0026727 -36.1589 -0.85953 -0.510398 0.0265 177.348 0.0214204 0.0158291 0.999645 -6.67037
-0.514375 0.857539 0.00677823 -38.3923 -0.857235 -0.51438 0.0236925 173.703 0.0238039 0.00637631 0.999696 -6.5658
-0.524027 0.85149 0.0189885 -40.7068 -0.850822 -0.524369 0.0337596 170.073 0.038703 0.00153515 0.99925 -6.4441
-0.517273 0.855695 0.0146494 -42.9819 -0.855108 -0.517465 0.0319431 166.546 0.0349141 0.00399654 0.999382 -6.28243
-0.500058 0.865937 0.00976669 -45.1097 -0.865261 -0.500067 0.0354529 163.135 0.035584 0.00927777 0.999324 -6.12209
-0.492386 0.870316 0.0102878 -47.2098 -0.869771 -0.49245 0.03148 159.6 0.0324637 0.00655229 0.999451 -5.945
-0.580648 0.814154 0.000988802 -49.3847 -0.814043 -0.580588 0.0158703 156.137 0.0134949 0.00841011 0.999874 -5.77901
-0.827223 0.561871 -0.00180388 -52.3421 -0.56187 -0.827201 0.00632763 153.143 0.00206314 0.00624791 0.999978 -5.72227
-0.985086 0.172016 -0.00401152 -56.0808 -0.172042 -0.985062 0.00742663 151.658 -0.0026741 0.00800602 0.999964 -5.72785
-0.982975 -0.183734 0.00118953 -60.0628 0.183727 -0.982831 0.0169262 151.804 -0.0019408 0.0168566 0.999856 -5.75181
-0.920873 -0.388419 -0.0335263 -64.1858 0.387134 -0.921196 0.0390463 153.21 -0.0460506 0.0229775 0.998675 -5.7982
-0.886703 -0.461607 -0.0260097 -68.0801 0.461072 -0.887035 0.0240983 155.157 -0.0341955 0.00937573 0.999371 -5.99986
-0.873564 -0.486378 -0.0179598 -71.6057 0.485948 -0.873666 0.0237005 157.169 -0.0272183 0.0119764 0.999558 -6.13545
-0.869239 -0.493987 -0.0199953 -75.2329 0.493411 -0.869351 0.0278361 159.328 -0.0311336 0.0143303 0.999412 -6.24741
-0.865595 -0.500453 -0.017077 -78.9341 0.499882 -0.865602 0.0291763 161.56 -0.0293833 0.0167184 0.999428 -6.36771
-0.861484 -0.507585 -0.0142492 -82.6628 0.507096 -0.861438 0.0278982 163.847 -0.0264355 0.0168082 0.999509 -6.47759
-0.857564 -0.513243 -0.034148 -86.4508 0.512195 -0.858151 0.0351242 166.195 -0.0473314 0.0126308 0.998799 -6.59097
-0.853392 -0.519714 -0.0402531 -89.8151 0.518423 -0.854256 0.0385193 168.321 -0.0544054 0.0120039 0.998447 -6.79147
-0.850803 -0.524233 -0.0362537 -93.2022 0.523277 -0.851527 0.0329132 170.495 -0.0481252 0.00903192 0.9988 -7.00669
-0.847927 -0.528893 -0.0359365 -97.0137 0.528226 -0.84868 0.0268174 172.961 -0.0446821 0.00375654 0.998994 -7.2101
-0.845276 -0.533231 -0.0342555 -100.679 0.532604 -0.845961 0.0261414 175.369 -0.0429182 0.00385212 0.999071 -7.37818
-0.842334 -0.53788 -0.0340408 -104.165 0.537194 -0.843006 0.027619 177.69 -0.0435523 0.00497785 0.999039 -7.52731
-0.842296 -0.53856 -0.0221328 -107.821 0.537931 -0.842496 0.0288344 180.156 -0.0341758 0.0123812 0.999339 -7.69602
-0.843393 -0.536787 -0.0234212 -111.131 0.535952 -0.843564 0.033986 182.384 -0.0380005 0.0161109 0.999148 -7.81794
-0.884893 -0.464378 -0.0362885 -114.555 0.462586 -0.885256 0.0483316 184.566 -0.0545687 0.0259818 0.998172 -7.94144
-0.982664 -0.18192 -0.0357249 -118.649 0.180167 -0.982496 0.0473528 186.219 -0.043714 0.0400955 0.998239 -8.16236
-0.969866 0.240369 -0.039781 -123.028 -0.241858 -0.969561 0.0381565 186.237 -0.0293985 0.0466281 0.99848 -8.30939
-0.738879 0.673046 -0.0326601 -126.927 -0.673838 -0.738002 0.0359911 184.338 0.000120418 0.0486007 0.998818 -8.38611
-0.358656 0.93311 -0.0259281 -129.344 -0.932577 -0.35696 0.0536655 181.059 0.0408205 0.0434274 0.998222 -8.3298
0.0857641 0.995803 -0.0319523 -130.063 -0.994693 0.0874098 0.0542683 176.661 0.0568335 0.0271285 0.998015 -8.11422
0.426556 0.903748 -0.0359006 -129.126 -0.902456 0.427917 0.0496095 172.66 0.060197 0.0112375 0.998123 -7.8644
0.672143 0.7393 -0.0407377 -126.802 -0.738081 0.673375 0.0424653 169.004 0.0588263 0.00152493 0.998267 -7.59709
0.814526 0.580127 -0.000574767 -123.73 -0.579724 0.813995 0.0364968 166.206 0.0216406 -0.0293944 0.999334 -7.38346
0.884366 0.4667 -0.00943862 -120.094 -0.465851 0.883682 0.0456931 163.909 0.0296657 -0.0360125 0.998911 -7.2896
0.88902 0.457841 -0.00503095 -116.103 -0.456728 0.887527 0.0607927 161.814 0.0322985 -0.0517482 0.998138 -7.14246
0.877745 0.479097 -0.00550319 -112.602 -0.47801 0.876423 0.0582126 159.85 0.0327126 -0.0484653 0.998289 -6.99698
0.8684 0.495794 -0.00833717 -109.085 -0.494545 0.867193 0.0583169 157.796 0.0361431 -0.0465193 0.998263 -6.84917
0.857036 0.514994 -0.0164482 -105.417 -0.513524 0.856335 0.054618 155.531 0.0422131 -0.038363 0.998372 -6.67995
0.847523 0.530087 -0.0266952 -101.903 -0.528297 0.847364 0.0536368 153.265 0.0510527 -0.0313554 0.998204 -6.48813
0.842511 0.538403 -0.0172461 -98.3511 -0.537387 0.842276 0.0422585 150.903 0.0372781 -0.0263355 0.998958 -6.26114
0.838142 0.545453 0.000459174 -94.6976 -0.545171 0.837681 0.0328443 148.436 0.0175304 -0.0277785 0.99946 -6.11619
0.834418 0.551104 -0.00559171 -91.1517 -0.550369 0.833754 0.0441402 146.002 0.028988 -0.0337539 0.99901 -6.02644
0.834833 0.550501 -0.00171529 -87.5855 -0.549835 0.833968 0.046672 143.54 0.0271235 -0.0380202 0.998909 -5.88625
0.837379 0.546557 -0.00849918 -84.0773 -0.545712 0.836779 0.0447215 141.13 0.0315548 -0.0328107 0.998963 -5.75205
0.844976 0.534696 -0.0107373 -80.7897 -0.53379 0.844441 0.0445882 138.871 0.0329081 -0.0319445 0.998948 -5.59773
0.903094 0.428571 -0.0273492 -77.064 -0.427473 0.903219 0.0382283 136.59 0.0410859 -0.0228327 0.998895 -5.43569
0.976163 0.217003 0.00382467 -73.03 -0.217034 0.975909 0.022297 135.047 0.00110598 -0.0225956 0.999744 -5.2643
0.999464 -0.0317856 0.0078546 -68.9616 0.0315881 0.99921 0.0241046 134.547 -0.00861458 -0.0238436 0.999679 -5.26174
0.949355 -0.314056 0.00965865 -64.8173 0.313451 0.948758 0.0400716 135.14 -0.0217485 -0.0350147 0.99915 -5.27302
0.808354 -0.588695 0.00135555 -60.9753 0.587841 0.807301 0.0520324 136.987 -0.0317256 -0.0412637 0.998644 -5.34748
0.60688 -0.794653 -0.0149484 -57.8805 0.794664 0.606335 0.0294384 139.87 -0.0143296 -0.0297446 0.999455 -5.46122
0.5454 -0.837846 -0.0234985 -55.5041 0.838083 0.544709 0.0301383 143.172 -0.0124515 -0.0361311 0.999269 -5.52913
0.518116 -0.854902 -0.0264466 -53.2157 0.85521 0.517333 0.0313514 146.67 -0.0131207 -0.0388611 0.999158 -5.59713
0.512937 -0.858188 -0.0202061 -51.0386 0.858302 0.512321 0.029058 150.113 -0.0145852 -0.0322479 0.999373 -5.65005
0.518215 -0.855214 -0.0078907 -48.7182 0.854652 0.517485 0.0421841 153.777 -0.0319931 -0.0286042 0.999079 -5.71837
0.521687 -0.853125 -0.00448894 -46.3293 0.851984 0.520701 0.0547109 157.521 -0.0443379 -0.0323665 0.998492 -5.87352
0.519966 -0.85417 -0.00538836 -44.1205 0.853002 0.518903 0.0559198 160.967 -0.044969 -0.0336727 0.998421 -6.02243
0.52093 -0.853542 -0.00988663 -41.9669 0.852455 0.519597 0.057798 164.342 -0.044196 -0.0385366 0.998279 -6.17382
0.518243 -0.85505 -0.01773 -39.794 0.854174 0.516459 0.0604698 167.745 -0.0425479 -0.0464826 0.998013 -6.32328
0.407195 -0.913239 -0.0136909 -37.724 0.912807 0.406398 0.0403101 171.179 -0.0312488 -0.0289112 0.999093 -6.47807
0.0258625 -0.999655 -0.00460384 -36.6108 0.999144 0.0257 0.032414 175.044 -0.0322845 -0.00543821 0.999464 -6.60642
-0.398427 -0.917131 0.011272 -37.1752 0.916959 -0.398011 0.0278123 179.041 -0.0210211 0.0214172 0.99955 -6.73218
-0.701619 -0.711802 0.032693 -39.4052 0.712437 -0.701592 0.014235 182.494 0.0128047 0.0332792 0.999364 -6.81801
-0.827476 -0.559735 0.0445025 -42.6336 0.560659 -0.827976 0.0108789 185.213 0.0307577 0.0339528 0.99895 -6.76644
-0.858458 -0.511488 0.0378095 -46.0995 0.51223 -0.858752 0.012879 187.491 0.0258815 0.0304233 0.999202 -6.635
-0.862939 -0.504673 0.0253137 -49.8112 0.505097 -0.862944 0.0143349 189.772 0.0146098 0.025156 0.999577 -6.54132
-0.861337 -0.507242 0.028357 -53.256 0.507629 -0.861537 0.00818266 191.893 0.02028 0.0214429 0.999564 -6.49282
-0.863543 -0.503552 0.0269846 -56.6746 0.504007 -0.863592 0.0136318 194.014 0.0164394 0.025372 0.999543 -6.42638
-0.862373 -0.505649 0.0251286 -60.2396 0.506079 -0.862355 0.0151012 196.211 0.0140339 0.0257399 0.99957 -6.37217
-0.861223 -0.50785 0.0195587 -63.8081 0.508195 -0.86096 0.0220471 198.416 0.00564267 0.0289271 0.999566 -6.31001
-0.862977 -0.504834 0.0203529 -67.3081 0.505182 -0.862801 0.0191255 200.591 0.0079053 0.0267868 0.99961 -6.2784
-0.864573 -0.502203 0.0174629 -70.9988 0.502465 -0.864426 0.0172316 202.855 0.00644165 0.0236725 0.999699 -6.24631
-0.864093 -0.502996 0.018382 -74.5122 0.503288 -0.863921 0.018469 205.006 0.00659073 0.0252104 0.99966 -6.2137
-0.864984 -0.501379 0.0205165 -78.0642 0.501708 -0.864882 0.0163568 207.179 0.00954335 0.0244417 0.999656 -6.19694
-0.866012 -0.499825 0.0140755 -81.5316 0.500021 -0.865743 0.0216338 209.293 0.00137264 0.0257732 0.999667 -6.15921
-0.871113 -0.491035 0.00685411 -85.2903 0.491044 -0.870786 0.0246619 211.548 -0.00614139 0.024849 0.999672 -6.13582
-0.869941 -0.493018 0.0116643 -88.8068 0.493156 -0.869701 0.0204254 213.624 7.43972e-05 0.0235212 0.999723 -6.11271
-0.845517 -0.533945 0.00172447 -92.3348 0.533838 -0.845275 0.0229701 215.777 -0.0108071 0.0203422 0.999735 -6.09157
-0.74287 -0.667718 -0.0479214 -95.6466 0.665852 -0.744395 0.0501666 218.236 -0.0691696 0.00535865 0.997591 -6.1907
-0.386385 -0.9211 -0.0477641 -98.1799 0.920547 -0.388343 0.0422374 221.695 -0.0574537 -0.0276492 0.997965 -6.47666
0.152678 -0.986969 -0.0508151 -98.7279 0.987161 0.149861 0.055277 226.048 -0.0469414 -0.0586022 0.997177 -6.70444
0.642243 -0.765965 -0.0286684 -97.0067 0.765383 0.638839 0.0779327 229.783 -0.0413793 -0.071994 0.996546 -6.85194
0.949084 -0.313995 -0.0254177 -93.395 0.315005 0.945099 0.0869467 232.203 -0.00327856 -0.0905264 0.995889 -6.95261
0.99137 0.129328 -0.021466 -89.3518 -0.127269 0.988712 0.0790692 232.505 0.0314495 -0.0756548 0.996638 -6.88826
0.916392 0.400281 -0.000254016 -85.544 -0.399474 0.914585 0.0628827 231.304 0.025403 -0.0575237 0.998021 -6.70307
0.867354 0.497692 0.000407526 -81.7434 -0.496774 0.865704 0.0614256 229.219 0.0302182 -0.0534802 0.998112 -6.5774
0.862869 0.505428 -0.000547995 -78.3058 -0.50425 0.860932 0.0672897 227.127 0.0344819 -0.0577859 0.997733 -6.46896
0.862722 0.505525 0.0124775 -74.6862 -0.505144 0.860412 0.0672367 224.92 0.0232541 -0.0643095 0.997659 -6.30812
0.86449 0.502603 0.00682939 -70.9531 -0.501605 0.861739 0.0761493 222.644 0.0323878 -0.069256 0.997073 -6.16289
0.867176 0.497992 -0.00310991 -67.3356 -0.496409 0.864884 0.0745215 220.442 0.0398009 -0.0630795 0.997215 -5.98245
0.868803 0.495047 -0.0105166 -63.7638 -0.493351 0.867249 0.0669585 218.296 0.0422681 -0.0529854 0.9977 -5.80608
0.871093 0.491101 -0.00400699 -60.2289 -0.490111 0.869802 0.0568784 216.192 0.0314183 -0.0475826 0.998373 -5.6334
0.871644 0.490081 0.00755532 -56.6652 -0.489812 0.870395 0.0499664 214.092 0.0179115 -0.0472536 0.998722 -5.47346
0.870305 0.492471 0.00643966 -53.1551 -0.49208 0.868917 0.0533015 212.022 0.0206539 -0.0495574 0.998558 -5.37017
0.865421 0.50098 0.00810104 -49.655 -0.500575 0.863797 0.0572695 209.923 0.0216932 -0.0536174 0.998326 -5.27658
0.851156 0.524769 0.0122728 -45.8076 -0.524567 0.849516 0.0561436 207.53 0.0190365 -0.0542249 0.998347 -5.19011
0.827139 0.561927 0.00887803 -42.3152 -0.561402 0.825435 0.0590306 205.173 0.0258426 -0.0538107 0.998217 -5.07098
0.81538 0.578898 0.00563516 -39.0336 -0.578381 0.814152 0.0513005 202.742 0.0251099 -0.0450887 0.998667 -4.91336
0.852942 0.522006 -0.000159488 -35.4777 -0.521396 0.85196 0.0480676 200.195 0.0252275 -0.0409157 0.998844 -4.76095
0.945284 0.325561 0.0211851 -31.7998 -0.326098 0.94483 0.0309311 198.228 -0.00994639 -0.0361471 0.999297 -4.68612
0.998569 -0.0528112 0.00842534 -27.7049 0.0524151 0.99775 0.0418108 197.476 -0.0106145 -0.0413094 0.99909 -4.72729
0.881252 -0.472645 0.00120857 -23.4532 0.472067 0.880296 0.047252 198.521 -0.0233973 -0.0410704 0.998882 -4.79092
0.61468 -0.788777 0.000434299 -20.1243 0.787933 0.614048 0.0458932 201.118 -0.0364662 -0.0278674 0.998946 -4.91157
0.250317 -0.968164 -0.000687811 -18.1596 0.966767 0.249918 0.0538785 204.789 -0.0519913 -0.0141517 0.998547 -5.07775
-0.154428 -0.988002 -0.00177052 -17.7865 0.986828 -0.154331 0.0485038 208.938 -0.0481951 0.00574314 0.998821 -5.28934
-0.541511 -0.840598 0.0126617 -19.1828 0.840287 -0.540719 0.039256 213.032 -0.0261521 0.031897 0.999149 -5.4751
-0.767046 -0.641586 0.00280904 -21.787 0.641088 -0.766263 0.0429709 216.048 -0.025417 0.0347615 0.999072 -5.55302
-0.844442 -0.535501 -0.0125068 -24.992 0.534559 -0.843984 0.0440332 218.422 -0.0341354 0.0304979 0.998952 -5.67506
-0.864938 -0.501637 -0.0156064 -28.5622 0.500828 -0.86472 0.0378364 220.66 -0.0324753 0.02491 0.999162 -5.81397
-0.873468 -0.486642 -0.0152492 -32.2241 0.485766 -0.873159 0.0403111 222.839 -0.032932 0.0278029 0.999071 -5.93052
-0.876447 -0.48144 -0.00746144 -35.9394 0.480897 -0.876022 0.0363801 225.005 -0.0240512 0.0282971 0.99931 -6.03815
-0.87614 -0.482001 -0.00732888 -39.6408 0.481463 -0.875714 0.0363182 227.135 -0.0239234 0.0282912 0.999313 -6.14614
-0.872233 -0.488978 -0.0104943 -43.3809 0.4882 -0.871739 0.0416042 229.32 -0.0294918 0.0311653 0.999079 -6.2588
-0.868801 -0.494508 -0.0254413 -47.1648 0.493183 -0.868775 0.0447181 231.553 -0.0442162 0.0263039 0.998676 -6.3871
-0.866291 -0.49879 -0.027354 -50.8892 0.497242 -0.866258 0.0484465 233.792 -0.0478603 0.0283673 0.998451 -6.55052
-0.864194 -0.502289 -0.0295801 -54.7052 0.500948 -0.864414 0.0428895 236.084 -0.0471123 0.0222467 0.998642 -6.73467
-0.863418 -0.504022 -0.0217017 -58.4788 0.503138 -0.863455 0.036028 238.39 -0.0368973 0.0201883 0.999115 -6.94717
-0.859843 -0.510424 -0.0117095 -62.174 0.509887 -0.859663 0.0315297 240.666 -0.0261598 0.0211401 0.999434 -7.09931
-0.854239 -0.519315 -0.0242387 -65.8193 0.518207 -0.854301 0.0403867 242.959 -0.0416806 0.0219392 0.99889 -7.20217
-0.849624 -0.527103 -0.0173575 -69.2776 0.525997 -0.849313 0.0446669 245.198 -0.038286 0.0288201 0.998851 -7.3306
-0.853754 -0.520419 -0.0163702 -72.8045 0.518854 -0.852973 0.0568049 247.527 -0.0435257 0.0400036 0.998251 -7.46688
-0.924332 -0.38056 -0.028008 -76.3171 0.378243 -0.923455 0.0645252 249.529 -0.0504198 0.0490489 0.997523 -7.65996
-0.99981 -0.00696771 -0.0181993 -80.5086 0.00583765 -0.998095 0.0614252 250.568 -0.0185926 0.0613073 0.997946 -7.82607
-0.912287 0.409099 -0.0192291 -84.6429 -0.409485 -0.910293 0.0607294 249.879 0.00734021 0.0632767 0.997969 -7.84054
-0.655595 0.754826 -0.0208177 -88.1078 -0.754669 -0.654015 0.0523462 247.497 0.0258972 0.0500283 0.998412 -7.75155
-0.472822 0.881017 -0.0157514 -90.5015 -0.880225 -0.471424 0.0544382 243.962 0.0405354 0.0396044 0.998393 -7.6151
-0.463992 0.885692 -0.0161893 -92.4771 -0.884801 -0.462485 0.0568778 240.401 0.0428889 0.0407151 0.99825 -7.44107
-0.488555 0.872384 -0.0160989 -94.6402 -0.871391 -0.486889 0.0601434 236.574 0.0446298 0.0434118 0.99806 -7.25489
-0.518579 0.854849 -0.017575 -96.9451 -0.853973 -0.516807 0.0603382 232.814 0.0424972 0.0462987 0.998023 -7.06544
-0.545491 0.837727 -0.0255412 -99.2406 -0.837824 -0.544242 0.0430399 229.344 0.0221551 0.0448769 0.998747 -6.87907
-0.566343 0.823685 -0.0282759 -101.81 -0.82393 -0.565016 0.0435519 225.712 0.0198967 0.0479626 0.998651 -6.77694
-0.568604 0.821891 -0.0344325 -104.438 -0.822294 -0.566722 0.0515639 222.118 0.0228662 0.0576331 0.998076 -6.67428
-0.560804 0.827426 -0.029398 -107.046 -0.827595 -0.559173 0.0491109 218.473 0.0241971 0.0518712 0.998361 -6.55561
-0.55182 0.83355 -0.0262452 -109.523 -0.833665 -0.550507 0.0440983 214.944 0.02231 0.046214 0.998682 -6.43906
-0.535973 0.843737 -0.0290072 -111.936 -0.843819 -0.534314 0.0497849 211.425 0.0265064 0.0511602 0.998339 -6.33297
-0.518238 0.85462 -0.0324544 -114.296 -0.854777 -0.516342 0.0524167 207.825 0.0280388 0.0549056 0.998098 -6.20565
-0.505071 0.862537 -0.0305563 -116.48 -0.862453 -0.503042 0.055884 204.322 0.0328309 0.0545787 0.99797 -6.0718
-0.511255 0.859141 -0.0222589 -118.674 -0.858627 -0.509487 0.0564228 200.75 0.0371346 0.0479585 0.998159 -5.93255
-0.515816 0.855646 -0.0424738 -120.93 -0.856664 -0.514709 0.0346615 197.202 0.00779632 0.0542647 0.998496 -5.79572
-0.522571 0.851625 -0.0406717 -123.207 -0.852486 -0.521143 0.040952 193.64 0.0136799 0.0560724 0.998333 -5.74684
-0.526406 0.849204 -0.0418272 -125.414 -0.850097 -0.524802 0.0437941 190.256 0.0152391 0.0586106 0.998165 -5.67815
-0.523548 0.85113 -0.0384023 -127.624 -0.851854 -0.522108 0.0418038 186.873 0.0155303 0.0545994 0.998388 -5.60549
-0.422773 0.90561 -0.0336727 -129.747 -0.905939 -0.421392 0.0412869 183.293 0.0232004 0.0479604 0.99858 -5.52152
-0.135993 0.9902 -0.0317726 -131.091 -0.990077 -0.13469 0.040075 179.392 0.0354028 0.0369073 0.998691 -5.40007
0.228984 0.973036 -0.0276994 -131.033 -0.972519 0.229908 0.0367357 175.309 0.0421134 0.0185263 0.998941 -5.22988
0.568745 0.821528 -0.0402541 -129.469 -0.820112 0.570142 0.0485134 171.412 0.0628057 0.00542106 0.998011 -5.02642
0.794468 0.606211 -0.0364455 -126.603 -0.604776 0.795205 0.0435384 168.316 0.0553751 -0.0125486 0.998387 -4.75347
0.87016 0.492557 -0.014452 -123.142 -0.491686 0.869817 0.0407777 166.019 0.032656 -0.0283773 0.999064 -4.56454
0.878693 0.47737 -0.00399828 -119.399 -0.476775 0.87796 0.0432573 163.892 0.0241601 -0.0361036 0.999056 -4.41621
0.870343 0.492444 -0.00167538 -115.573 -0.491846 0.869444 0.0464139 161.681 0.0243129 -0.039572 0.998921 -4.26661
0.865543 0.500754 -0.00896366 -111.877 -0.499576 0.864498 0.0553803 159.463 0.035481 -0.043456 0.998425 -4.13306
0.863937 0.503078 -0.0229176 -108.149 -0.501061 0.863256 0.0610484 157.196 0.0504959 -0.0412589 0.997872 -3.95768
0.862036 0.50631 -0.0233214 -104.449 -0.50478 0.861763 0.0506125 154.916 0.0457231 -0.0318577 0.998446 -3.75098
0.860797 0.508807 -0.01197 -100.87 -0.507828 0.860225 0.0460911 152.713 0.0337483 -0.0335964 0.998866 -3.54233
0.859172 0.511682 -0.00223772 -97.2603 -0.511269 0.858639 0.0366507 150.462 0.0206749 -0.0303452 0.999326 -3.35905
0.857835 0.51388 -0.00676726 -93.6784 -0.513331 0.857402 0.0367837 148.199 0.0247047 -0.0280805 0.9993 -3.25049
0.851484 0.524344 -0.0061534 -90.0486 -0.523721 0.850943 0.0401665 145.912 0.0262973 -0.0309784 0.999174 -3.15521
0.839881 0.542763 0.00292156 -86.2974 -0.5424 0.839095 0.0414913 143.439 0.0200685 -0.0364324 0.999135 -3.02996
0.829355 0.558721 -0.00084147 -82.7418 -0.558241 0.828702 0.0402634 140.976 0.0231934 -0.0329229 0.999189 -2.89019
0.829781 0.558002 -0.00989028 -79.3763 -0.557252 0.829376 0.0400874 138.577 0.0305716 -0.0277524 0.999147 -2.74176
0.869198 0.494252 -0.014466 -76.0688 -0.493548 0.868997 0.0354208 136.346 0.0300777 -0.023648 0.999268 -2.59702
0.947206 0.320618 0.00239778 -72.1857 -0.320577 0.9469 0.0247335 134.423 0.00565954 -0.0241964 0.999691 -2.51627
0.998716 0.0506534 0.000743582 -67.9525 -0.0506535 0.998291 0.0291336 133.451 0.000733405 -0.0291339 0.999575 -2.48643
0.958779 -0.284119 -0.00425386 -63.8984 0.284133 0.958445 0.0255216 133.787 -0.00317408 -0.0256782 0.999665 -2.46344
0.794295 -0.607507 -0.00564838 -60.0244 0.607422 0.793938 0.0264796 135.585 -0.0116021 -0.0244635 0.999633 -2.49292
0.541685 -0.840569 0.00456926 -56.9704 0.840214 0.541601 0.0266413 138.601 -0.0248686 -0.0105921 0.999635 -2.57254
0.0924598 -0.995709 0.00374702 -55.4142 0.995288 0.0925298 0.0289839 142.414 -0.0292063 0.00104952 0.999573 -2.67664
-0.421419 -0.906851 -0.00525446 -55.9515 0.906315 -0.421358 0.0324156 146.56 -0.0316101 0.00889835 0.999461 -2.79684
-0.782434 -0.622734 0.000209065 -58.3848 0.622559 -0.782206 0.0239758 149.762 -0.014767 0.0188896 0.999713 -2.89136
-0.898626 -0.438692 -0.00450588 -61.9088 0.438465 -0.898414 0.024504 151.997 -0.0147979 0.0200443 0.99969 -2.93172
-0.909464 -0.414881 -0.0273751 -65.5759 0.414269 -0.9098 0.0254034 153.757 -0.0354452 0.0117628 0.999302 -3.03992
-0.894166 -0.446948 -0.0265512 -69.5461 0.446419 -0.894512 0.0236497 155.75 -0.0343206 0.00929384 0.999368 -3.20476
-0.880132 -0.474274 -0.0207717 -73.1269 0.473891 -0.880336 0.0208679 157.705 -0.0281832 0.00852299 0.999566 -3.32674
-0.868385 -0.495735 -0.0124202 -76.7615 0.49541 -0.868373 0.0222962 159.842 -0.0218384 0.0132086 0.999674 -3.40834
-0.864277 -0.502902 -0.0107099 -80.3547 0.50266 -0.864271 0.0192141 162.021 -0.0189191 0.0112228 0.999758 -3.50738
-0.862151 -0.506433 -0.0148694 -84.0207 0.505892 -0.862094 0.0294422 164.279 -0.0277293 0.0178613 0.999456 -3.60848
-0.860654 -0.507734 -0.0384801 -87.6873 0.50638 -0.861386 0.039922 166.534 -0.0534159 0.0148735 0.998462 -3.70875
-0.860729 -0.507184 -0.0437139 -91.3714 0.506034 -0.8618 0.0350667 168.8 -0.0554579 0.00806214 0.998428 -3.89943
-0.861579 -0.50621 -0.0378597 -95.0554 0.505475 -0.862397 0.0276784 171.069 -0.0466612 0.00471006 0.9989 -4.11473
-0.860705 -0.507698 -0.0378254 -98.8374 0.507097 -0.861533 0.0247699 173.395 -0.0451634 0.00213844 0.998977 -4.33038
-0.861575 -0.506423 -0.0349934 -102.426 0.505789 -0.862274 0.0257113 175.618 -0.0431947 0.00445293 0.999057 -4.49668
-0.861687 -0.506105 -0.0367924 -105.997 0.505356 -0.862453 0.0280883 177.816 -0.0459474 0.00561006 0.998928 -4.63336
-0.858327 -0.51251 -0.0246558 -109.509 0.511987 -0.858638 0.0246863 179.993 -0.0338224 0.00856553 0.999391 -4.7781
-0.839004 -0.543702 -0.0214554 -112.934 0.543286 -0.839248 0.0224375 182.18 -0.0302057 0.00716867 0.999518 -4.90511
-0.725684 -0.685409 -0.0599789 -116.27 0.684506 -0.72803 0.0377395 184.756 -0.0695335 -0.0136689 0.997486 -5.0719
-0.478083 -0.876197 -0.0609587 -118.832 0.875702 -0.480861 0.0438056 188.064 -0.067695 -0.0324389 0.997179 -5.34019
-0.146011 -0.987959 -0.0511602 -120.09 0.988207 -0.148068 0.0390252 191.957 -0.0461305 -0.0448588 0.997928 -5.56612
0.280048 -0.958738 -0.0489322 -119.843 0.959217 0.277419 0.0542432 195.92 -0.0384303 -0.0621272 0.997328 -5.70827
0.742867 -0.668432 -0.036712 -117.594 0.669176 0.739917 0.0687477 199.477 -0.0187893 -0.0756371 0.996958 -5.82492
0.978152 -0.206239 -0.0261564 -113.798 0.20763 0.975463 0.073223 201.372 0.0104131 -0.0770541 0.996973 -5.8435
0.974712 0.221592 -0.0288587 -109.693 -0.218883 0.972752 0.0764465 201.28 0.0450123 -0.0681967 0.996656 -5.73259
0.881743 0.47001 -0.0402429 -106.015 -0.466308 0.881328 0.0762728 199.778 0.0713162 -0.0484874 0.996275 -5.50826
0.818312 0.57077 -0.0677283 -102.488 -0.565575 0.820603 0.0820645 197.459 0.102418 -0.0288489 0.994323 -5.16811
0.823024 0.56462 -0.0619236 -99.275 -0.560029 0.824836 0.0775429 195.118 0.0948591 -0.0291406 0.995064 -4.78792
0.832101 0.552376 -0.0498874 -95.8878 -0.548736 0.833002 0.0706895 192.743 0.0806035 -0.0314458 0.99625 -4.37773
0.843125 0.535335 -0.0505695 -92.2758 -0.531253 0.843836 0.07558 190.305 0.0831329 -0.0368582 0.995857 -3.98773
0.852208 0.520049 -0.0573626 -88.6223 -0.515194 0.853214 0.0812437 187.943 0.0911933 -0.0396837 0.995042 -3.62361
0.859839 0.506462 -0.064593 -84.8868 -0.501342 0.861461 0.0808728 185.605 0.0966034 -0.0371545 0.994629 -3.26641
0.861468 0.505243 -0.0510187 -81.0881 -0.501207 0.862112 0.0745351 183.29 0.0816422 -0.0386387 0.995912 -2.86411
0.862717 0.504169 -0.0391628 -77.6784 -0.500977 0.862659 0.0695735 181.206 0.0688609 -0.0404025 0.996808 -2.51501
0.865906 0.498325 -0.0433408 -73.881 -0.494805 0.866034 0.0717882 178.901 0.0733084 -0.0407167 0.996478 -2.16415
0.869853 0.490724 -0.0504502 -70.0891 -0.486551 0.870308 0.0763679 176.635 0.0813828 -0.0418822 0.995803 -1.83351
0.879523 0.472203 -0.0588512 -66.2325 -0.467425 0.880484 0.0791266 174.425 0.0891814 -0.0420851 0.995126 -1.50864
0.890786 0.45236 -0.0432455 -62.583 -0.449053 0.890852 0.0688102 172.424 0.0696523 -0.0418757 0.996692 -1.14729
0.881642 0.469818 -0.044484 -58.8214 -0.465839 0.88149 0.0772595 170.441 0.0755101 -0.0473928 0.996018 -0.806524
0.841448 0.540215 -0.0115454 -55.2185 -0.538723 0.840392 0.0593167 168.335 0.0417464 -0.0436921 0.998172 -0.43225
0.693597 0.720205 0.0151162 -51.9502 -0.719827 0.692117 0.053141 165.71 0.0278102 -0.0477395 0.998473 -0.278982
0.369782 0.92888 0.0210555 -49.677 -0.928429 0.36854 0.0468831 162.227 0.035789 -0.0368851 0.998678 -0.128224
-0.0331198 0.999331 0.0155142 -49.0027 -0.998519 -0.0337554 0.0426732 158.252 0.0431683 -0.0140779 0.998969 0.057706
-0.513427 0.858111 -0.00620453 -50.2111 -0.858108 -0.513343 0.0113697 154.201 0.00657139 0.0111617 0.999916 0.249182
-0.888881 0.457999 -0.0112978 -53.3501 -0.458101 -0.888854 0.00906674 151.296 -0.00588952 0.0132348 0.999895 0.269617
-0.999654 -0.0248533 -0.00860111 -57.2657 0.0247856 -0.999662 0.00789449 150.44 -0.0087944 0.00767858 0.999932 0.230877
-0.925055 -0.379814 -0.00386567 -61.1166 0.379736 -0.925 0.0132593 151.397 -0.00861182 0.0107977 0.999905 0.17633
-0.848718 -0.527274 -0.0407473 -64.8808 0.526003 -0.849624 0.0381941 153.511 -0.0547586 0.0109828 0.998439 0.0944087
-0.82523 -0.563007 -0.0449312 -68.2312 0.561746 -0.826428 0.038187 155.824 -0.058632 0.00627314 0.99826 -0.104788
-0.827703 -0.560252 -0.0320029 -71.7931 0.559665 -0.828314 0.0259004 158.371 -0.0410192 0.00352696 0.999152 -0.339917
-0.837256 -0.546555 -0.0167197 -75.2749 0.54626 -0.837393 0.0192886 160.802 -0.0245433 0.00701621 0.999674 -0.489286
-0.846231 -0.532532 -0.0174 -78.9208 0.532082 -0.846329 0.024825 163.261 -0.0279463 0.0117495 0.99954 -0.613444
-0.848428 -0.528241 -0.0336332 -82.5117 0.527402 -0.849052 0.0309431 165.608 -0.0449018 0.0085148 0.998955 -0.729735
